--[[

    SHUSHI SERVER
    https://discord.gg/dYcawME

    Credit:

        ! X x ShuShi x X !#0059, Da_aK#2727

    THANK FOR USING ♥♥

]]--

key="Shushi"local a=loadstring((function(b,c)function bxor(d,e)local f={{0,1},{1,0}}local g=1;local h=0;while d>0 or e>0 do h=h+f[d%2+1][e%2+1]*g;d=math.floor(d/2)e=math.floor(e/2)g=g*2 end;return h end;local i=function(b)local j={}local k=1;local l=b[k]while l>=0 do j[k]=b[l+1]k=k+1;l=b[k]end;return j end;local m=function(b,c)if#c<=0 then return{}end;local k=1;local n=1;for k=1,#b do b[k]=bxor(b[k],string.byte(c,n))n=n+1;if n>#c then n=1 end end;return b end;local o=function(b)local j=""for k=1,#b do j=j..string.char(b[k])end;return j end;return o(m(i(b),c))end)({5325,8759,7938,5971,6083,8545,6329,7172,7036,7378,6237,5676,8058,5437,7739,7121,7637,5375,5687,8132,8489,5961,8405,6267,7498,8959,5582,8420,8823,7373,7032,6346,6018,6938,5011,5063,8454,6816,7752,5275,6205,7157,6785,8617,6121,4799,6655,5081,9066,7339,7210,9093,8932,6399,5824,5012,4554,8477,5490,6813,8560,6712,6832,4787,7460,6668,7499,4945,5977,7767,8444,4553,8583,5695,6568,9011,6623,7556,6048,6651,5290,5853,6790,5885,7584,4595,8529,8119,4971,7531,7841,8311,5038,4643,8017,7098,6455,4963,5175,7352,5373,4760,6178,6946,6105,7755,5865,5866,7971,6828,4807,5542,6322,5257,5777,8043,6421,8931,7409,9109,6819,5615,5054,6302,8848,6774,5845,5200,8851,8279,8782,8417,7865,5579,7608,6684,5622,8859,6983,4723,6359,7979,6337,6773,4652,7466,4555,9029,7889,6916,4848,7552,6818,7723,7661,6404,8680,7078,7645,6850,6432,7902,8480,5867,5808,5004,5928,6133,8348,8345,7152,8996,6096,8788,8133,7333,7072,6801,7789,7933,6271,6318,5121,4980,7407,8698,6594,5623,4519,8040,6139,8014,5174,8909,6450,9104,5766,6984,5852,7170,7582,7332,6440,5281,6417,4579,4563,8628,5421,7020,7153,5024,5606,5180,8557,5598,8527,6921,5337,5446,7380,5705,7453,4774,8038,8289,7771,8691,8944,6113,8306,8432,6645,8916,8571,6487,7212,6298,5475,6683,4862,8892,5722,7656,4748,6929,8197,8896,8814,5729,6279,7139,6672,8485,6564,5043,6499,4861,6293,5602,7348,5302,4578,5991,7770,7006,6606,6332,8414,4806,7870,7065,8812,5842,7468,5000,5714,6539,5082,8600,4560,6636,5795,7056,8868,7799,7993,8799,6863,7117,7690,8546,4852,4676,6601,5825,8651,5658,6868,7854,7929,8579,8829,7026,6898,8664,5189,7095,5025,7240,8047,4527,8053,5793,6991,7687,8389,8090,8201,5181,5250,4902,5227,5142,5727,7642,4836,4654,7228,4976,8479,7077,6922,6023,6066,8226,6647,9099,5034,7456,6416,9038,6241,6512,6247,5593,4675,8492,4805,5429,5959,6761,7432,4857,6728,7593,6954,5917,4859,6168,7939,8535,5763,9015,8793,6338,5440,4626,5834,6622,5902,7051,6287,7649,7825,7984,6548,5068,5087,5076,9112,8448,5195,6320,5986,9064,9051,6931,7305,6439,9025,8429,8668,8288,6103,7165,7280,4956,6820,8539,5065,4814,7621,8250,5172,8333,5682,6843,8607,8930,6951,8408,8106,8227,7967,6803,6742,7666,7258,8140,8256,8160,8779,7204,7002,6697,5996,8502,6285,5715,4522,6520,4987,4548,6614,7805,6468,4835,8945,5675,8165,7924,7090,7441,4749,6770,6045,6143,8922,6982,5486,8749,5683,8410,6443,6788,7610,7943,8425,8810,5600,8274,8989,7999,4546,8753,5100,5580,8737,5547,4996,8984,5846,8470,4837,6444,5983,6426,5817,7345,4800,6286,5838,7106,5882,7634,8906,7049,7858,8643,8354,6073,8577,8767,4635,8088,7669,8307,7145,5267,5688,8871,8399,7127,4669,4978,7231,5990,6632,8097,5085,7878,5169,8616,6157,8245,8039,4671,8217,6657,5372,4639,7492,5148,7381,7631,6264,8505,8462,6739,8513,6962,5964,9130,6041,7107,7697,6552,5550,8141,9072,7882,4691,7273,8412,6111,6186,8271,5982,6826,6036,8310,7974,8729,6738,5684,7623,5665,6658,7695,6544,8561,8049,8305,7326,6040,9122,5674,6217,6723,7718,5832,5702,9053,5626,8167,5802,8853,6345,7358,8009,9119,6010,8645,8296,6602,5637,6412,8806,7081,8780,7602,6014,5339,6091,5253,7019,7628,8018,5706,4968,7657,6809,5343,8570,5448,7998,7397,6893,8637,8388,6394,8999,4737,6207,5355,8411,8526,7334,8472,6227,8837,4636,6062,5809,8936,7558,9147,8840,4756,7742,4815,5419,4570,5718,6366,7562,8282,5185,4855,7469,9151,8281,5112,7264,4588,5788,8786,6317,6502,8972,5101,6353,6386,5811,7921,9100,4550,6266,4786,5286,4767,7163,7046,5135,7751,5436,5040,5156,7233,5481,4904,6102,6769,8530,5029,7952,5854,8215,8036,7324,4610,5204,4586,5632,4843,4940,8006,8357,7892,8312,9019,6461,6123,7058,9075,7620,5560,9010,5272,5617,5613,6634,7189,5673,8211,6763,7530,6957,6661,7850,7372,7741,5528,6986,5958,7524,8903,5381,7390,6796,8832,6835,8176,8665,6659,7614,7405,5781,8858,4696,5938,8621,8328,4729,6923,7443,6341,4716,8864,6093,6804,8763,6522,7355,4784,5773,6973,6504,5932,8608,6309,8856,6784,7590,6625,7011,7293,7978,6310,5692,7573,8926,7969,6765,5190,4959,5150,6756,4660,4892,5497,6492,7849,7873,6646,7538,7370,4887,7803,6275,8981,8290,7713,6445,5235,6369,8370,5451,8272,6257,7467,4982,7115,4955,8037,8971,8120,4972,7335,8730,6365,8391,4932,7128,4763,5042,8363,8004,6027,6454,6909,7262,8798,7747,5685,5480,8320,5433,7300,6377,8956,6140,5708,7134,4753,8553,8291,5611,7715,7112,6566,9110,7109,9155,4628,5537,6049,5780,7123,7156,5261,5877,4769,5207,8679,6696,7853,6589,4674,6486,8908,5255,7359,6313,5829,7788,7361,8834,5340,5396,5473,7076,5236,8352,5671,7514,8688,8518,6592,6523,6195,9042,8820,7267,6847,8073,6667,6814,6047,4664,7793,4865,7025,6682,7660,6008,6892,7023,8180,4839,5767,9085,4552,8175,7484,8001,7869,6372,8955,7761,6182,6654,6583,6474,4822,7843,7464,5559,7937,7118,4682,6699,5735,6229,8232,9063,4727,7317,4620,6966,6518,5712,5499,6278,4745,8497,5160,7777,5468,5307,8758,4666,5849,8322,8618,8241,7041,6120,4644,6726,6175,7154,4592,5357,5876,5726,5769,6598,8507,6327,4547,6882,6918,5821,5521,6750,5072,5292,5894,5075,8933,8958,4746,7688,5278,8384,7699,5864,7234,6860,7188,7085,6764,6436,7330,7329,7185,8815,6183,4960,7417,7504,5859,5699,4719,5833,5571,5578,5797,8170,5280,7080,7625,6055,6190,5619,7864,6864,7717,8901,8173,6203,5888,4580,8738,5657,8437,6873,8642,5906,8677,5805,7143,7120,8237,5330,5332,7555,8714,8067,8826,8641,6138,6481,8318,4672,6470,7283,5554,8158,5522,7510,6124,5159,4912,8990,8700,7007,4701,7575,8877,8100,6671,8423,6389,4943,4741,5595,7618,8104,8884,4695,5216,6881,7291,8707,5356,8415,7553,6449,8861,8991,8184,6381,5923,6688,4596,6513,6362,6943,7976,6525,6825,7003,7203,6972,8870,8032,5890,7021,5568,8156,7792,7199,7548,7711,5220,4775,6744,6094,7910,7994,5322,7520,7545,5487,5965,8478,6890,6406,5228,7446,6490,6545,8511,6580,7880,6467,7180,5555,7681,5737,7040,6236,7779,8520,6908,7533,8190,4577,8452,7241,8003,5659,5719,6270,5720,5086,9059,9089,7480,7476,8635,8825,7928,5814,7173,8360,7753,5627,7307,5725,8231,7540,6766,8536,5915,6626,4663,7635,8709,8430,8362,7597,6631,5196,6612,8740,5946,5892,8554,7812,7445,5021,9156,5934,6531,8769,6536,5199,7604,8191,6413,5057,4778,7893,5157,4743,6609,6569,8953,4617,8400,8218,8625,8899,7824,6740,9080,5288,8027,5291,8690,4781,8593,8117,8582,5102,6877,8046,7402,7519,7274,6373,9009,4962,6431,8199,7776,6894,9129,6485,4776,5096,5678,9003,7525,5053,5309,6812,7440,7935,7709,8393,6978,5979,5969,4739,8912,7035,6141,5784,7110,5926,7784,5799,4802,8072,5274,5394,6845,6867,8446,5730,5409,8152,7097,7714,8873,6211,4707,7587,7863,8863,6042,7808,4625,8629,6258,5768,6532,5909,6534,6554,7096,5756,8142,7387,4783,5242,4803,6974,8726,6256,7885,8611,7737,8244,7400,6292,4957,7473,6333,7678,5077,7357,5379,8303,7511,4571,8261,6035,8681,5543,7423,8586,8805,7167,6959,6677,7191,5872,4858,8374,6216,4648,6670,5164,5418,6975,8041,6059,7237,6543,7314,6669,4833,4680,7733,7248,5467,4895,7425,6553,8549,7063,5333,8773,5231,6395,8413,6273,7923,7408,5022,9046,6109,5266,5505,8153,7045,8157,5144,4819,7222,5535,8676,6663,7384,6652,7588,6463,8436,5815,5669,7783,5026,4908,8914,8569,6775,6112,4810,7977,5856,5153,7958,4954,7594,6414,6944,6391,7693,7904,7074,6817,6475,5395,8929,4811,5586,9007,6226,4670,6263,5258,5584,8792,8976,5953,6732,6176,4630,8222,6635,5312,4601,8689,8521,4791,6442,8595,8387,6586,6619,6331,7557,7683,5534,4770,7297,4582,6562,7944,5202,5525,8921,5167,5972,6570,6678,5496,6542,5466,6987,8114,8589,7539,7822,5792,8076,4942,6025,7720,5450,7219,6579,8686,8656,5224,5192,7816,5390,6690,4900,7782,7368,7138,6762,8614,7619,8252,8736,6709,7435,7325,7299,7600,8809,5501,8079,7135,4961,8630,7622,5315,5778,6135,7905,5113,4561,5213,6537,8716,7200,5376,7131,4931,5640,7037,8338,5800,8341,5285,4606,8077,7629,5361,5635,9021,7496,6153,8658,4583,4907,5393,8609,8340,4704,5686,4951,6899,4909,7796,8463,8294,6945,5985,6822,8458,4765,7465,7840,5304,9091,8661,6781,7574,5668,5058,6666,7015,6955,8813,7255,7304,6152,6560,5371,6358,5320,8994,7806,6043,9090,5311,6145,7809,7673,8913,6193,7736,8361,8811,7795,6022,6201,8193,7414,5240,7500,4947,6996,7064,6080,5079,8373,6855,6234,6245,8010,5899,7061,6252,5349,7560,8293,5170,8627,8350,6057,8401,7800,6703,5147,5211,6265,6118,5424,8550,5709,7959,5552,6249,5587,6181,7383,5341,7659,8568,6496,5551,6720,6970,6411,5401,7607,5873,5924,5848,5711,6218,7945,7908,4885,5801,5392,6068,7611,9132,7526,9115,8831,4838,8890,8787,6620,5951,5439,7748,6067,4711,4910,6405,5596,5607,5177,5226,8534,8441,8099,5359,7342,6792,8450,7871,6446,6662,7860,9005,8819,5506,7918,6231,8724,6506,4988,8881,5517,6907,5162,6706,6936,6284,5210,7964,5277,5500,8056,6232,8624,8556,5538,5360,5151,6758,7506,6072,8112,6674,8267,6808,6385,4771,8803,5779,7119,6458,7954,5947,8604,5740,5114,5383,4742,6051,7327,7817,7972,8886,9006,4966,8456,8309,6711,8230,5044,4724,8475,9101,8419,8544,5017,6841,7059,4517,8537,6261,6464,8581,6452,7794,5717,9050,7760,8359,7198,7906,8599,8732,7758,8915,7043,6296,7142,8657,7696,8258,4604,8745,7295,7663,4705,8723,7158,6650,6397,7706,8300,6361,8711,5452,7886,8447,7419,8248,6798,5962,6235,8905,6418,5680,7852,7756,6085,7636,7680,6653,6888,7033,6360,7060,8375,8963,8085,5131,7581,8885,6875,6184,7641,4901,4790,8692,6572,6640,8468,6686,5093,8506,5146,5583,6497,4611,7187,9103,6213,5391,5488,6064,7674,6343,5755,5104,5485,5316,6009,7675,4797,8169,7801,8841,8696,6842,8638,4935,7903,6119,7946,8220,6644,9040,6402,8970,9020,8464,5652,8495,4693,8613,8246,8451,4938,5420,9000,8329,7366,7814,8337,8995,4856,5575,4761,5524,9031,6101,6901,4917,6590,6092,8283,6142,6585,8439,4948,7874,8433,7216,4715,7754,8693,5097,5060,6509,5238,7832,5184,4677,4992,6328,8377,7070,5489,5313,5884,8207,5205,4730,5574,4849,8701,6741,7624,8101,5546,5415,6911,4830,7586,5009,7251,7287,6212,8960,7351,8522,5827,6928,8743,5149,7888,5230,6330,8592,5317,5336,7088,4928,5049,7507,6505,4684,8744,7116,4655,9098,7815,4877,7217,5217,5141,8280,5970,7911,5062,5967,9023,8323,8562,6122,6771,7727,7897,7975,4751,5597,9142,5423,5219,8746,6276,8031,7856,7527,4694,6823,8947,8427,8631,6889,8397,4710,6998,4520,7375,4591,8559,7482,6815,8012,5123,6437,9070,7087,7513,6398,6932,8016,7830,9143,8969,5723,4702,6941,4964,5759,5835,5904,8378,8923,5386,6854,7438,8063,5425,7647,8827,5260,4516,7126,9030,6529,8992,7988,4641,8854,6846,8358,6575,4953,8949,4921,5945,6933,9084,7570,7955,9123,4795,5791,5279,7983,5511,7650,6736,8706,7790,7404,5973,6993,4736,6715,6070,8299,6979,8181,7067,5601,9134,5083,8121,5432,5612,7664,5314,8243,4656,4536,8060,5244,7951,9137,4828,6079,4817,7183,8127,6375,6605,7374,5987,6321,6034,6367,8381,8739,5786,5168,7630,4952,6308,4929,4834,6844,8835,4792,5868,7179,7386,6681,4903,6161,7044,7947,9150,5319,4540,7781,5406,8917,5667,5178,5358,4605,6624,7286,6627,8172,7197,7692,5503,5416,8445,6528,6581,7186,6160,5704,7956,7672,6948,7220,6939,5447,7227,8993,5471,6262,7320,6239,6383,6233,5754,7668,6879,5818,4661,6600,4789,5504,4926,6565,7920,5764,8875,5887,5385,8260,8116,8188,4709,8548,7497,7826,6376,7296,4914,5387,8757,6967,5091,6541,5785,8778,7503,8376,7646,5751,8974,6779,6466,8735,8319,5397,5212,8573,5364,7013,7517,8988,5565,6104,7881,8284,8925,8483,7829,8317,5857,5994,5806,8178,5479,8655,4584,6721,5830,6508,5908,7485,8968,6076,7962,5616,8797,8824,6693,8149,7100,5179,7331,7278,6134,8179,5191,7961,5981,9036,7487,6415,4549,7415,5790,7194,4950,6551,6107,6786,6593,7995,5194,8808,6434,5016,9120,4884,6857,9097,8857,7949,7968,7433,7883,7434,8938,7246,8109,8013,6301,5059,8494,8678,6384,7734,7802,5621,6435,9086,5256,6188,7223,5918,6714,6352,8339,5354,6886,7454,4678,7982,4668,6131,5003,5252,8057,7343,6621,6429,9049,8126,6858,4697,7364,4816,8939,6617,6297,4532,7247,7054,9138,5308,6438,5382,7207,4657,7861,6733,8402,8552,9058,8192,4750,8750,8202,8715,5897,8155,8708,8754,5119,7150,8008,7218,7521,5774,4880,5208,5329,8343,6029,9113,5950,8918,8146,8407,8895,6874,9045,7242,7016,7516,4853,6768,6289,5073,6084,6324,7101,4808,5171,5634,7260,7710,5562,8504,6189,8490,8673,8438,7731,8434,6180,6039,4985,7486,8225,8406,6745,8967,5610,5776,5289,6482,5614,5509,6599,5975,7862,5949,9057,5508,6821,6549,5161,7676,7099,6054,5232,4757,7501,8208,6011,5914,4949,8620,4801,6187,7953,5482,8098,7057,7512,6707,4524,8663,5907,5998,4758,5629,8594,8602,6149,7047,4523,7495,8094,7083,8264,8670,7393,8051,5014,5463,5703,6053,6713,5910,5470,5036,6994,7839,5980,6368,5624,9077,4599,4772,6618,7828,6396,5731,5863,9117,5103,5115,6075,6664,8634,8662,7833,8473,7940,6210,7271,5249,5694,7309,7572,6981,4934,7565,7243,7670,7346,4755,6282,5483,5563,8983,9106,8796,6656,7895,5384,7599,4762,7505,7103,8531,7388,6633,5920,4990,5454,5008,8177,5666,4624,4847,5388,9114,4665,8029,8398,8082,6616,7289,5203,8137,5039,7474,4820,8685,5299,8606,5005,6507,8721,6950,8221,7534,8741,5794,6171,7685,5444,7872,5378,5752,4981,4585,5074,8071,9061,4733,6209,6024,8610,6985,8314,8055,8122,6927,9121,9082,5693,8471,5604,5321,7564,6797,7847,7925,8113,6037,8565,6082,6610,5689,8883,7901,8791,8096,7679,5327,4614,5080,5126,4979,8828,7481,6307,4788,6117,6199,8206,8585,6628,5787,6642,6695,7039,6349,7114,7916,4915,5955,5507,6937,6947,4698,8862,5155,4573,8860,7859,7004,6017,6526,5765,7268,6304,5804,7111,6132,4841,4633,6830,5851,6325,5585,8849,4975,8380,5284,5400,4939,8347,8622,4897,6146,6780,4623,6834,5398,8850,4869,7136,7340,6311,5041,7716,7470,7836,9034,6722,8302,6299,6839,4594,7459,6056,8927,5342,7909,6380,5276,6336,7448,6274,8675,4526,8515,7851,4621,5989,5365,5301,8584,9071,5905,9083,8626,5927,4608,8975,5933,5707,5188,8080,6422,8795,6708,6516,6388,8422,8330,5028,6725,7942,5173,4593,5922,9065,6692,7913,7266,9108,5510,7256,8525,7980,6971,7997,6356,7919,7973,6960,9116,5664,5871,8684,5120,7617,7310,6472,8335,7316,6223,8948,5491,6704,8683,4933,8194,7515,7592,7149,5296,7740,8872,7161,5324,9008,7285,7750,4525,5691,8236,4562,6363,4612,5570,9026,8091,4531,8501,6408,9043,7413,6976,4818,6409,6866,8986,9079,6776,9092,5234,5125,6151,6058,5594,5760,6956,7034,6517,7012,7585,8845,7284,9105,6856,6060,7986,8865,4777,6912,7665,4994,8371,7401,8978,5993,7028,8977,5655,7341,8087,7124,6527,5939,4845,4999,6242,5937,6370,8005,4556,4732,8647,8459,8426,5092,7350,4844,7778,8298,8151,6800,7398,5541,6578,6789,8007,8774,5233,5241,6891,4991,5936,4703,5761,7632,4896,4842,5347,6643,7764,7431,8428,8855,8238,7684,8765,8259,6639,7452,6006,8189,8442,5536,8843,5107,4824,7682,8075,4565,8669,5861,5070,8367,4538,5648,5948,5588,5573,4870,7475,7211,5875,7269,5111,8364,6727,6869,5130,5564,6880,8295,6026,9087,5566,4685,5402,6128,4970,9074,5426,6420,6872,7576,5749,5935,9141,6350,8838,5844,4576,7990,7288,8395,4998,7377,7209,4983,5518,6787,8910,6963,5741,7772,7887,8646,6099,6883,8722,5530,5782,5346,6906,6546,6144,8249,7205,8578,4967,4720,5013,8783,8349,5328,5847,5331,6196,5306,6701,9154,6019,8802,6177,8822,5880,6221,4642,6314,5738,6597,7848,5032,6729,5045,7970,5796,8266,8081,5651,7823,8509,5912,7813,6915,6222,6219,8563,9028,7009,6737,5519,5084,7791,8297,6007,8880,8045,6676,9102,9125,5214,5430,6110,5345,5052,8523,6557,6342,4622,6280,5545,7667,5158,8164,6829,4840,8500,7190,8481,5140,6158,8159,8219,5620,7773,6491,7418,7042,8111,7996,7844,6734,6459,6648,6202,8089,5407,6563,4827,8026,5066,7930,5823,7616,7385,5900,8498,7547,6694,8105,4718,8128,6559,7627,4566,8879,8356,6870,9152,7523,7347,6724,6244,9004,7879,6840,7987,8154,5458,4686,7724,8964,6519,4906,8874,8145,6169,6077,7948,6238,5753,7429,6272,8186,4866,8331,7544,9041,4687,5498,5748,5283,5576,8195,8125,5992,6127,5762,8255,5154,7912,6214,7605,6900,7765,5750,6903,8135,7221,4876,8379,7528,4575,5209,8878,4782,8541,5441,4893,8768,5477,7344,8269,5363,8286,6165,7578,6582,5007,7707,5215,4854,6550,4796,8229,9078,8636,5019,8733,6754,7444,6914,7965,8275,8720,5515,7461,5071,5520,9035,7214,6260,8842,7379,7196,7281,7493,8316,5843,6251,4936,6462,4905,8020,5789,5403,7508,7257,4708,9145,6378,7894,6013,7775,6810,6065,6760,6807,7208,8224,8891,6125,7328,7244,8639,7092,5259,7518,6498,9153,8937,4920,5677,4706,8171,5367,6887,8070,4568,8392,6895,8084,5326,8801,5533,8666,7416,8934,8734,5803,5713,4598,7845,5698,5251,5095,5531,9039,6393,8409,6424,9073,7302,4867,5733,8558,8752,8727,7174,8533,4872,9126,8315,6547,7705,7708,8265,7868,5539,7055,5724,7396,7766,7010,5270,7093,6206,6456,5840,8572,7677,4911,6224,8900,7412,8499,8365,8718,6300,5549,7566,6782,7785,7554,6095,4722,5874,4662,8619,5653,4572,6574,6419,5282,4913,5911,7038,7144,5335,7027,5495,4627,7338,8355,7686,7960,5109,5010,6494,7821,9148,7053,5023,7102,8213,4653,6783,8042,7406,5660,8672,6174,8054,7568,4634,4891,8273,8653,5798,5898,5728,7612,7774,6767,8466,7253,8214,8336,5465,5455,5297,8654,5883,6334,6753,4667,7389,7704,7029,8242,4754,7230,5995,8332,6344,7450,8166,7133,7735,6743,9111,6604,5273,4632,8251,8263,5772,6514,7549,8821,5404,5879,5921,5106,5310,6511,5891,8898,6747,6755,7744,8965,7603,5108,8174,7261,5514,6348,7745,8997,8052,5268,8781,7743,6748,4864,6608,5826,4600,6831,7596,9024,5243,8095,5334,5370,8756,7550,5462,5901,7542,4851,7321,8254,8503,4590,6050,7738,8431,5166,7963,5567,4888,7206,6629,6902,4773,6997,6904,4725,5645,4545,5362,6291,4728,6561,9018,7787,8980,7884,5399,9012,5968,6584,5237,6305,5027,7141,7981,6316,7927,5745,6255,8514,5431,6290,7819,8728,8699,7308,8148,8285,6150,4589,5739,9054,6400,5855,6555,5592,4603,6480,4629,6795,9068,5410,8443,6969,8660,6533,7749,7294,8268,6250,7382,6710,7202,4539,7559,7654,5476,6303,6637,5700,6078,5037,6919,8919,4958,8516,8068,6567,5810,7272,5246,6000,8108,6961,9037,8344,8920,5860,9136,7700,6615,8491,6090,8223,8143,5633,5006,8764,6794,8717,8748,7653,5670,6354,5069,6185,6347,4989,5690,7082,6106,8382,6772,8460,6571,7827,7985,5338,9067,7490,4567,8785,8327,7494,7746,6335,7018,7561,7811,6447,7322,5001,6576,5813,4597,6705,5459,5581,5294,7536,4581,8059,8640,6489,7362,5183,5305,6254,6016,5492,8777,6777,7875,8911,5094,6495,8065,4564,6799,6457,8234,5556,8022,7857,4930,7652,7757,5020,6374,8247,8588,8467,7113,7698,4863,6988,7428,8961,5836,7282,8325,6379,7567,8235,7148,8000,8062,5088,5056,7541,7936,4879,6968,5223,5187,5015,5136,8538,8632,5303,7129,6897,7957,8902,6476,6746,6038,6999,8044,5974,8543,7175,7224,6478,5494,7907,4544,7728,6228,9062,6833,6675,6108,8697,6044,7363,5061,6428,8762,8130,8725,8772,5984,5048,4587,8789,8817,8940,7804,7732,8952,6081,6069,6679,5644,6430,7966,5569,8107,7563,8163,5572,7810,5896,5895,4637,7820,7598,5952,6861,6225,5221,8048,6208,5710,6865,6451,6392,5182,5293,7671,6086,5603,7502,9107,6802,6827,8957,6179,6003,8894,8131,4689,9055,7277,6949,5352,6759,7238,6942,5697,8313,5035,6306,6163,5742,7458,5889,8418,7917,8542,5351,7719,6934,8776,8205,5247,6005,8334,7421,4759,8457,8240,5558,5461,6479,7606,5117,7694,7648,5839,5222,7702,6990,8386,6702,8196,4613,5642,5118,8476,9140,6471,7052,6680,5139,6423,5122,7276,7071,6028,7529,6925,7855,8887,8200,5641,4779,7105,4997,5783,7427,4534,8751,8144,5389,7703,5405,7000,4738,8353,6953,4647,4804,8876,7436,8461,5721,5654,7934,4747,5976,7125,6460,5206,6162,5661,7184,5819,4825,8421,8889,6698,8942,6004,8649,8025,8694,4528,8747,5625,6136,6295,6100,8168,7239,8800,6288,9139,8276,5380,7376,6030,7483,5997,8893,7899,4609,5681,6871,6191,8687,4559,5417,5442,6156,7838,8369,8555,7069,6364,6884,8580,8304,9048,6596,4699,5893,5744,8342,5116,5822,8512,7356,9060,5589,7488,8833,7176,6339,7349,4766,4569,8002,7837,4871,5716,7275,4969,8574,5618,6483,6595,6269,4731,4812,9022,8869,4927,6088,7915,6204,7075,6757,6312,8469,8761,8510,6930,6259,7048,7367,8183,7638,5608,7491,6791,4602,5443,6484,7166,5775,7447,6453,6591,5050,5464,5540,6071,5672,5643,4557,9033,7146,5145,6685,6137,8482,7371,9016,6465,7722,6173,4740,8262,7931,8847,8682,5129,4946,6382,9124,6700,5445,8474,7478,7437,7991,4878,7005,9069,5493,8493,8150,6910,6427,8321,5701,5650,8615,5134,8836,7914,7336,8605,4688,6164,5348,8946,4537,7769,7104,6166,5878,5469,4700,5271,7729,6730,8704,6588,4690,6751,7866,6148,6521,6021,5771,8547,5474,8028,6001,9027,4714,7245,7846,6980,5484,5366,8416,4881,7411,6401,6989,5414,7712,7399,5193,7609,6357,5732,8134,5453,5757,8015,8844,4712,8998,6538,9131,4832,8326,8390,6230,5841,6673,7759,8807,5124,8897,8216,7235,5064,8928,7265,5942,7876,4882,5197,8731,7591,8719,8372,5413,8508,5516,8253,6778,8755,7160,8790,8257,7181,6849,8287,7066,5218,6878,8596,8449,7651,4785,6611,4651,5881,8705,7721,7229,6876,8124,5553,5913,9118,7730,6477,6425,6905,4829,8228,8404,7932,7643,6371,8021,6806,4734,7786,7318,9127,5030,4717,4721,8951,4925,8519,7877,5098,8540,6510,8074,8103,4535,6130,6558,7601,7900,4899,9052,5736,6074,5132,7807,6147,7890,7633,4650,7089,7232,4768,7178,5869,6319,7279,5513,7259,5374,7365,5138,5636,7270,6493,9017,5350,4890,6002,6089,4794,7725,5747,6277,5265,7471,6917,5770,8907,7644,4974,7867,4850,7263,4977,6535,8601,4883,6433,7298,4798,7922,8575,4529,6641,9146,9094,6573,9158,7589,6836,6488,6403,5663,4574,8888,8830,8852,6061,6015,7168,5427,8366,9157,8941,5647,7014,7024,8702,7479,5110,7147,4518,5639,8650,9135,6920,4995,7577,8695,6033,8882,5919,6448,6556,6958,8033,7615,8185,7215,4649,8742,7430,6154,5434,9081,7842,7472,6749,5591,8440,7252,4898,7768,7319,5548,5449,8034,5105,8453,5263,8487,8973,7950,7798,6116,6129,5679,6246,6805,7941,4543,4924,6243,7403,8210,7613,5078,6126,8794,6926,4638,4679,7017,7422,8277,5820,6172,8292,7424,5746,5734,8954,8403,8435,8209,7108,7193,7763,5067,8394,7369,4941,6587,5638,6087,5988,6885,6200,4681,5646,7159,7595,5051,8139,4831,7311,8760,5248,6665,5165,8576,5916,8138,5176,6940,6407,8633,6630,5323,6540,6924,4984,5198,5930,8346,8301,8324,8603,8136,7831,4944,7509,6097,4616,5435,6524,7691,7008,4965,8659,5886,4764,5046,4615,8064,7891,4558,4793,6613,8766,9047,8118,8069,7442,4937,5529,4875,5128,7086,7522,4916,8950,6793,6115,6859,5631,8551,7662,6031,8239,6837,8648,6952,6530,4658,8455,9144,4726,8162,4541,5812,6838,5002,8278,4521,6155,8517,6577,6716,5960,7426,7569,7249,7926,5532,6811,8011,7640,4619,7580,5599,6020,8591,7001,7171,8564,6852,7130,8233,5133,5807,5526,5412,5628,5055,4645,5438,5090,9014,5269,4530,7313,7439,8187,5925,7031,5408,9095,9133,7762,9088,8496,5954,5368,8935,7140,8846,8644,6689,6248,7639,5047,5245,5957,6159,6965,6410,7073,5457,8019,8092,6194,5502,5956,4735,5377,4823,7084,6687,6283,5344,4618,8203,7451,8093,6192,5099,4826,5590,6500,5186,6964,6752,5561,6253,7989,5929,7091,6281,6731,7177,8703,6977,8308,8674,6012,7896,8771,7546,7068,7312,6268,5649,9001,5831,6114,7462,7030,8979,6607,5018,7655,6052,8465,6691,6992,8383,7992,7797,7250,4874,7392,8198,9056,4868,4542,6063,4683,4659,7583,4873,7835,6351,4973,5609,6326,8129,5456,5411,7225,7062,8030,5254,5966,7137,6896,8035,7571,9032,4923,8524,7094,4809,6387,6473,4860,4993,4607,5318,4813,9128,8484,6853,9076,8712,8066,6098,8532,7780,5963,7182,6719,4551,5143,5353,9149,6603,5858,7532,5696,5931,8368,4752,7169,6718,7543,8962,6294,8212,5300,9002,7626,6340,5472,7463,7489,4918,7535,8652,7079,7315,7151,5127,7360,5941,4713,7192,7303,7579,5478,9044,8867,4889,5630,5816,8147,7689,8024,8182,4780,8839,8713,4744,7898,5605,5089,8612,5758,5837,7292,5239,5999,6848,5943,6995,8115,8775,5137,6913,8123,5656,4894,6198,5944,7306,7254,5262,8587,4821,8050,8270,8804,6441,8770,5662,5557,5850,5201,7457,7213,8351,8110,8086,8566,-1,73,12,72,26,54,22,94,26,72,26,73,10,54,12,52,29,87,65,54,13,60,59,91,73,18,13,16,13,79,52,12,67,79,9,31,11,4,12,85,7,79,0,74,89,72,27,78,25,83,42,48,22,43,42,83,38,113,98,11,101,68,72,28,9,26,12,7,59,71,72,73,85,28,12,78,42,14,7,6,1,5,27,9,90,39,6,16,115,98,7,31,28,54,13,83,16,26,12,90,41,39,60,50,29,26,0,68,113,72,90,26,64,72,85,11,254,65,85,64,22,72,73,93,6,202,65,7,7,28,29,67,24,27,72,22,73,39,11,28,7,0,15,83,12,5,7,26,53,101,54,70,12,121,33,72,9,115,48,31,26,73,7,98,45,28,26,42,30,99,7,1,4,18,85,13,85,239,9,44,120,72,0,74,85,13,14,64,81,12,73,29,83,115,83,7,33,115,15,4,72,33,16,18,31,81,91,72,13,54,15,1,71,0,85,85,115,64,1,22,72,6,13,74,10,72,91,73,27,83,64,121,0,24,115,10,100,14,28,30,18,100,6,28,115,75,22,6,72,85,73,28,79,32,91,59,115,101,28,90,85,72,105,29,82,122,115,72,21,98,83,10,18,72,121,22,22,7,85,33,9,43,100,16,32,30,64,72,5,5,48,100,0,115,4,72,115,72,54,29,72,28,56,73,50,22,7,6,20,76,93,3,79,16,9,115,101,72,16,72,65,25,61,60,51,83,98,72,72,73,26,62,55,61,72,115,28,17,0,65,53,4,99,4,4,50,6,115,16,1,115,122,98,59,12,30,27,17,64,53,73,89,54,13,72,72,7,22,73,72,29,94,79,115,58,22,75,79,43,72,93,11,28,28,33,73,6,121,78,65,89,47,1,85,90,10,65,1,6,52,75,83,16,15,219,58,12,219,85,0,59,73,72,89,115,1,6,100,26,1,60,65,83,42,38,85,105,5,27,31,7,72,70,126,29,64,64,72,13,55,28,64,6,55,46,7,0,60,61,18,73,48,93,63,94,26,64,49,98,72,1,8,85,5,115,28,83,48,88,54,35,233,7,83,28,85,4,25,22,22,126,1,22,89,12,12,46,1,73,83,98,85,1,72,37,73,72,98,44,5,5,85,4,43,73,28,39,21,27,24,91,72,94,72,31,11,177,7,239,85,89,85,1,7,9,28,18,85,7,58,33,81,115,98,66,7,65,90,115,93,49,72,11,85,115,71,123,1,68,47,0,71,1,13,9,26,18,66,92,73,122,28,9,14,20,101,4,120,72,1,50,89,32,83,115,18,13,121,83,115,74,85,47,25,26,43,84,10,73,61,11,8,93,83,72,12,70,82,56,83,3,115,55,101,98,28,28,83,13,58,72,99,6,115,115,107,85,74,13,13,29,42,94,61,72,43,6,73,20,15,101,73,83,12,33,8,83,84,72,49,94,28,7,122,1,75,14,72,248,50,115,83,7,85,27,85,72,6,13,94,6,72,34,25,3,23,26,122,29,44,26,12,24,12,33,28,9,72,1,73,6,15,11,1,127,72,27,12,75,72,13,9,55,85,99,0,72,18,5,17,6,121,19,13,83,72,73,12,83,115,137,0,72,22,86,87,83,6,9,63,5,12,101,13,73,93,11,9,4,85,72,11,85,72,6,120,35,115,72,72,94,126,29,115,115,72,6,83,123,247,64,49,29,29,25,82,87,28,55,83,28,115,64,99,6,17,6,6,91,82,27,56,20,85,29,1,72,89,83,28,80,54,17,172,64,54,57,0,27,85,11,94,107,58,24,63,62,72,9,16,93,92,12,58,24,13,5,1,22,63,58,73,93,9,83,85,80,81,72,54,26,61,16,71,28,72,7,126,126,82,95,28,13,12,73,7,22,60,7,6,22,72,7,28,61,85,56,29,7,12,55,21,27,30,72,26,83,46,26,4,84,125,85,98,30,58,64,85,72,0,73,121,13,6,26,83,89,4,25,72,98,85,22,26,52,43,52,25,83,25,12,1,35,53,6,73,83,27,10,33,72,49,72,6,85,33,27,6,85,0,72,125,84,36,28,64,2,53,25,85,55,48,33,16,8,49,83,85,115,99,8,16,35,73,3,65,89,2,85,83,26,85,72,19,16,11,1,59,26,3,60,37,6,90,52,98,44,70,83,50,72,85,54,28,7,32,6,85,74,83,12,115,64,72,5,72,10,65,13,58,64,33,39,6,46,91,85,73,4,72,72,72,24,85,93,115,64,217,40,16,72,84,73,122,26,15,94,75,199,26,39,39,172,25,72,13,97,28,99,10,6,89,85,72,43,22,13,29,6,43,89,121,9,26,1,101,54,33,115,31,122,72,115,83,12,72,39,13,69,68,28,16,73,101,29,16,91,72,26,78,17,91,236,74,72,27,0,64,115,72,3,72,5,26,15,26,82,73,18,13,5,12,89,84,26,10,85,89,72,30,73,28,125,42,73,6,94,29,5,6,28,28,7,85,39,0,54,7,7,6,25,4,89,91,42,54,85,115,72,85,82,41,72,28,29,31,54,61,39,115,79,3,54,71,93,87,77,73,2,13,12,83,13,18,0,11,54,73,22,27,15,115,14,72,99,26,29,73,127,83,101,10,59,83,11,115,7,71,20,78,71,61,115,1,27,26,4,72,47,65,15,26,83,18,60,73,64,16,29,125,6,8,29,10,1,20,29,58,23,61,24,13,1,72,1,100,7,26,33,54,85,5,115,27,31,1,85,94,85,15,4,18,127,70,115,85,72,83,181,72,73,35,16,33,5,69,87,85,77,90,12,115,83,85,4,13,73,58,25,85,6,72,18,115,59,98,29,72,85,115,83,28,58,4,27,24,120,58,28,120,5,72,17,15,85,0,25,7,4,17,115,43,43,1,115,55,29,110,73,101,38,13,7,85,115,25,39,27,1,92,101,26,64,55,92,1,98,72,58,94,72,8,26,11,83,29,31,27,27,20,28,115,83,28,27,1,16,83,27,67,115,63,62,9,75,13,72,115,32,100,126,83,44,0,13,100,4,236,83,85,72,73,72,27,55,181,54,63,38,57,17,28,1,8,28,63,115,79,15,5,27,85,72,4,73,6,38,93,83,88,72,83,29,3,85,28,12,17,223,54,6,87,83,54,85,94,10,81,72,26,28,85,83,115,85,72,11,55,0,7,13,72,5,72,5,19,1,73,16,55,59,93,1,73,48,30,1,13,85,115,7,13,115,53,61,55,28,85,72,1,54,115,85,1,16,5,70,64,24,46,54,85,26,93,93,10,20,26,73,29,59,28,26,67,50,73,22,91,26,94,127,123,9,13,10,78,28,6,46,37,87,32,13,42,115,2,5,59,73,1,83,85,53,41,126,54,1,26,13,10,10,113,73,16,87,20,17,26,27,82,12,65,73,115,28,16,73,226,115,22,1,4,74,26,85,72,33,6,26,7,26,240,121,20,83,122,115,17,74,19,1,64,73,1,74,26,0,84,1,85,4,9,13,125,72,90,74,115,73,22,13,105,81,115,12,26,83,53,9,126,83,121,1,73,12,72,42,27,1,72,55,98,10,74,54,24,116,49,47,26,127,4,98,33,13,69,73,115,65,54,115,5,73,48,20,25,85,50,16,68,26,54,62,28,58,17,72,94,12,65,7,33,115,10,64,115,65,122,16,9,9,6,125,27,22,29,54,18,28,72,64,83,43,7,83,46,72,14,85,28,43,26,247,6,91,44,90,0,115,9,90,60,43,122,72,72,20,74,44,50,5,12,94,98,101,26,65,54,8,72,72,90,69,73,115,54,8,28,20,72,16,38,25,14,0,1,85,26,100,89,250,58,55,54,90,51,7,77,25,113,72,83,0,25,26,72,115,65,16,64,90,72,9,91,63,82,125,55,28,26,94,20,29,98,38,93,91,72,22,1,115,120,29,99,22,14,9,30,73,64,73,1,91,92,73,6,48,91,115,83,38,73,1,17,1,66,11,20,54,9,20,9,110,7,74,27,0,52,61,45,13,20,64,83,7,23,73,90,83,90,99,72,83,73,6,83,15,72,85,64,227,121,63,28,6,14,24,11,178,98,73,115,93,54,54,60,85,90,6,14,3,72,9,0,93,0,73,68,72,101,19,0,115,26,1,42,126,85,41,16,195,48,64,0,79,83,115,11,16,85,31,40,65,54,63,1,54,13,10,26,27,13,72,85,83,73,91,85,29,83,73,28,54,101,7,19,72,65,71,71,72,98,83,60,27,26,59,28,25,5,24,6,115,65,115,73,7,73,29,85,53,4,48,99,19,14,27,33,85,74,73,4,10,28,28,72,4,83,115,72,6,51,85,11,83,4,83,21,6,12,13,73,7,83,72,85,28,43,46,115,63,28,73,101,87,1,28,100,16,27,72,25,29,65,8,74,72,73,82,28,126,1,72,6,15,72,74,60,83,85,115,4,72,13,56,12,82,7,21,115,72,82,72,85,28,11,45,13,36,72,88,85,85,12,35,11,72,43,54,73,20,90,85,30,1,40,71,7,115,23,10,54,82,7,28,13,6,72,26,83,83,78,18,85,12,4,7,17,53,6,48,63,99,9,15,113,94,90,101,12,98,72,101,32,12,26,13,73,27,0,115,83,11,20,10,5,5,99,44,68,3,28,1,58,121,42,91,28,6,90,101,62,46,37,16,7,63,99,83,35,72,98,15,20,81,120,110,83,13,7,65,17,70,13,91,29,72,14,7,92,85,0,61,99,13,32,22,1,13,27,99,26,28,6,16,85,28,72,115,104,31,73,72,200,115,115,58,54,83,57,98,4,115,27,142,85,13,39,115,52,1,16,22,50,10,118,72,115,65,1,73,83,65,73,27,5,29,56,31,85,24,30,72,8,73,115,85,85,73,28,99,85,4,13,126,72,31,120,58,125,3,125,47,54,60,15,97,7,85,27,29,85,115,87,42,126,1,7,64,72,17,13,203,74,58,27,17,6,46,43,85,26,68,115,24,70,20,5,113,64,135,98,4,85,29,115,94,91,83,83,82,22,28,54,54,89,27,74,124,1,29,33,21,72,24,28,1,83,72,7,1,40,71,48,7,4,4,110,25,99,73,11,121,72,13,65,73,16,25,90,61,85,65,73,28,13,29,92,73,72,83,20,115,70,72,1,21,72,6,6,7,38,3,72,16,48,16,7,73,120,5,72,16,7,33,93,54,83,47,204,28,16,85,14,127,83,13,22,58,62,22,32,15,37,1,27,50,72,70,85,73,47,7,72,72,90,150,70,26,72,13,17,73,42,72,41,83,184,63,87,1,72,33,5,90,62,91,7,127,123,15,72,28,7,73,70,72,68,1,22,58,13,1,72,1,70,54,28,85,98,45,72,27,17,92,90,56,7,68,61,52,79,115,72,72,1,73,43,98,16,91,6,94,91,19,27,62,22,83,26,85,92,6,12,0,6,30,6,5,13,135,4,28,29,6,73,3,90,1,78,101,101,16,7,6,72,6,30,22,85,73,58,115,73,7,83,28,28,121,123,72,26,0,85,31,9,4,72,83,32,17,72,13,55,99,13,20,5,58,73,38,33,18,29,12,4,37,4,54,83,22,42,0,25,71,123,13,71,42,72,29,1,127,17,60,7,94,78,55,6,72,18,31,79,72,29,49,30,39,12,72,18,29,26,9,1,79,39,85,28,42,37,9,39,13,83,7,18,26,88,78,21,28,4,98,34,73,73,83,9,27,72,72,3,26,72,83,73,115,21,72,27,98,54,72,42,73,85,115,29,28,26,72,26,12,85,55,28,0,9,39,72,72,74,6,72,58,72,43,9,27,11,7,8,68,26,73,12,90,28,50,29,5,22,73,121,99,85,39,0,28,89,72,68,23,113,83,128,27,64,26,35,8,89,9,48,33,20,72,26,9,73,83,85,10,33,98,30,40,1,18,29,81,115,27,85,22,85,38,125,22,58,0,72,22,55,22,11,89,191,12,72,16,72,54,72,75,70,126,54,18,50,7,70,115,16,113,5,16,74,4,55,29,28,101,73,40,16,6,13,7,11,29,64,72,12,129,98,72,4,54,59,54,10,89,20,46,85,101,127,83,115,68,72,120,55,98,4,73,6,72,199,13,11,83,45,85,29,28,83,44,33,69,93,13,63,54,23,1,91,26,120,49,60,10,79,22,22,26,85,11,72,73,7,63,22,73,85,72,33,32,101,13,17,64,83,28,26,83,83,7,72,24,26,17,39,29,72,52,33,61,123,28,98,64,71,73,72,98,65,83,79,9,72,73,31,9,94,105,29,13,72,72,72,113,63,127,74,4,29,12,72,53,31,54,8,28,55,172,85,30,115,72,17,26,18,22,83,72,12,7,1,230,94,4,22,12,15,37,12,78,45,127,93,10,72,59,22,40,55,94,83,7,18,98,16,73,0,5,7,49,7,12,72,16,91,85,83,73,61,6,26,66,31,29,28,16,92,29,73,22,1,85,99,44,54,7,1,6,7,213,12,72,13,16,72,29,72,26,72,65,24,6,28,14,3,22,26,121,13,25,64,28,57,29,180,73,54,65,60,90,31,58,101,95,115,1,101,1,123,95,11,79,73,6,26,73,127,72,6,28,4,74,85,32,99,28,48,33,94,56,3,23,72,61,4,33,6,60,29,115,29,7,72,9,68,64,4,28,7,58,72,29,13,15,83,85,9,32,36,15,13,73,115,35,9,17,63,58,8,123,22,8,107,35,5,10,73,10,24,93,73,68,72,13,46,43,73,29,7,73,27,59,48,72,27,73,85,75,27,73,30,85,90,72,73,75,28,85,54,7,31,179,16,16,72,73,39,92,54,7,14,13,73,115,84,19,28,83,27,45,83,78,87,115,115,53,38,100,16,28,6,72,23,1,6,115,45,73,115,0,28,98,38,46,60,78,85,33,37,72,72,72,0,71,101,12,43,72,10,26,51,33,72,60,58,28,93,18,14,127,115,13,5,64,110,32,83,9,56,72,27,7,6,6,110,39,27,72,98,31,1,48,83,10,83,1,73,3,64,9,72,85,28,73,59,4,72,46,83,93,64,85,93,72,94,85,15,4,72,38,28,27,117,0,83,4,72,72,27,7,16,64,65,4,115,120,16,10,83,98,113,6,21,6,73,101,81,72,26,101,85,31,101,22,5,6,29,29,50,4,64,82,0,72,72,70,63,11,16,115,72,28,72,29,6,115,30,32,94,98,81,95,125,6,123,85,73,28,7,30,47,0,54,90,83,73,72,0,72,85,33,73,101,17,9,72,89,82,58,16,48,47,39,28,12,7,55,100,85,83,85,115,10,27,4,123,54,16,59,68,28,3,58,1,35,13,73,39,124,29,126,68,115,73,22,28,115,115,73,7,26,7,72,29,83,91,83,99,51,53,72,41,24,28,72,72,73,40,115,90,35,64,17,7,85,1,41,127,13,28,85,85,132,1,115,72,46,95,73,25,62,31,94,90,30,16,1,43,247,92,15,1,72,72,72,5,9,17,63,42,5,45,33,14,85,42,72,27,12,20,72,83,85,83,72,14,8,73,27,115,7,73,83,17,89,98,94,52,98,72,25,24,1,7,17,8,98,29,7,121,18,115,64,43,45,63,71,58,0,28,1,22,72,37,6,28,100,11,33,27,26,12,48,98,25,39,64,121,63,115,64,72,73,9,72,7,31,72,83,18,50,72,12,125,13,83,82,7,13,6,115,81,85,48,28,13,83,72,47,64,31,127,127,2,22,49,65,98,99,54,24,50,73,70,83,24,46,72,39,7,16,58,18,29,47,115,83,25,48,65,44,85,85,48,83,120,120,13,28,17,28,96,28,24,91,52,29,11,33,72,12,6,115,26,72,20,72,28,72,0,44,79,83,4,98,23,38,72,64,72,0,29,14,85,72,28,85,16,26,70,92,83,4,3,115,115,5,115,26,73,72,28,91,54,3,0,26,7,27,26,42,7,115,101,55,62,1,50,7,1,66,72,54,65,6,196,85,115,5,85,123,54,125,101,73,3,85,55,8,68,18,7,200,3,8,91,1,48,83,10,6,33,18,29,16,1,83,58,74,13,60,36,83,0,11,120,145,39,49,15,13,12,115,121,54,10,72,20,26,6,72,50,61,22,65,73,28,85,73,26,105,7,92,72,28,72,92,115,98,88,27,33,83,122,4,99,85,115,3,91,22,3,1,54,5,54,26,72,70,64,127,72,4,22,26,155,32,89,101,127,115,73,38,89,38,38,26,75,85,105,31,73,27,61,7,94,65,48,47,85,81,37,85,82,83,0,6,62,12,21,0,54,27,78,4,54,1,22,234,98,72,38,39,12,1,83,31,39,27,89,85,1,92,12,72,73,20,73,6,29,27,11,24,26,82,83,1,5,115,73,64,68,29,115,85,16,30,28,115,27,29,28,123,11,24,120,33,110,29,50,124,40,94,17,115,28,85,121,29,85,123,83,125,28,101,47,21,59,27,27,47,6,22,83,6,62,28,78,52,1,82,1,3,29,26,82,70,72,60,75,127,71,72,101,73,55,22,82,13,99,78,73,0,20,0,1,48,100,28,101,7,70,69,1,13,54,65,64,46,85,73,24,72,20,115,68,90,73,72,110,10,47,7,22,26,61,73,42,22,12,83,28,61,12,72,99,39,39,72,98,2,47,91,54,98,28,82,83,75,17,110,1,9,73,79,9,0,30,85,73,54,6,65,92,0,100,73,45,115,205,85,8,47,9,115,65,72,123,15,94,42,44,13,46,4,115,68,18,22,80,32,28,7,68,26,11,72,73,83,85,1,73,115,1,75,45,99,58,72,25,120,35,38,28,62,127,126,73,115,12,29,75,98,127,50,24,75,115,1,13,13,1,26,98,126,82,27,12,126,20,0,72,72,98,72,20,18,13,85,52,17,73,72,54,0,0,10,38,62,28,127,83,20,63,89,115,72,87,3,42,45,74,243,69,127,83,8,7,72,30,16,70,26,3,72,116,34,15,122,78,72,42,72,91,70,28,85,1,72,115,46,75,101,54,115,12,25,88,20,85,29,115,92,22,26,101,39,6,30,9,38,35,70,84,26,85,85,24,1,4,31,12,15,99,20,83,19,4,84,115,89,72,83,5,63,22,31,68,122,69,17,168,55,72,98,115,28,28,98,27,72,63,4,56,6,39,93,110,54,55,113,13,4,29,182,20,24,55,55,26,94,188,72,31,121,72,37,125,72,22,94,35,54,23,43,72,72,28,14,33,73,15,69,6,64,115,1,177,100,126,74,83,83,101,33,13,54,72,0,12,17,44,5,74,113,18,72,83,92,101,72,94,20,0,59,18,18,28,93,27,73,13,42,110,20,72,82,85,12,1,88,150,1,60,11,18,60,126,28,72,22,55,85,46,54,28,73,50,12,74,72,100,29,63,73,30,101,44,58,73,83,28,73,54,12,88,33,13,44,72,85,115,64,27,163,72,12,127,7,26,11,73,73,10,55,83,13,115,72,4,13,73,5,3,26,29,12,23,68,63,72,54,5,89,63,6,73,12,88,85,72,4,115,37,39,26,72,73,94,87,93,29,68,14,83,20,26,26,83,72,0,7,27,17,72,9,64,85,63,13,94,120,1,20,50,4,72,8,204,24,14,17,73,83,38,0,85,4,74,17,27,1,44,8,6,74,95,13,127,47,115,12,115,6,26,54,85,115,54,105,101,72,49,83,83,72,6,88,13,61,26,83,72,25,12,7,70,55,115,21,25,10,93,101,98,85,0,99,73,42,64,72,101,13,26,85,10,72,12,59,17,72,121,25,85,73,64,54,13,62,62,13,25,83,83,28,1,98,55,83,58,29,115,9,26,72,72,16,65,72,72,9,29,31,1,50,24,27,115,26,82,14,22,98,43,19,11,7,65,101,94,85,64,98,120,73,28,56,83,53,73,125,37,83,6,56,9,120,199,13,18,92,71,73,9,83,7,65,74,12,74,72,65,6,73,87,6,227,123,122,55,71,26,29,72,74,85,6,7,5,84,83,120,90,105,99,93,55,4,6,225,55,14,12,6,6,93,39,33,15,83,31,54,0,1,28,106,53,22,225,25,61,1,50,29,12,29,27,1,60,126,23,72,32,13,45,6,72,31,85,73,85,0,6,23,30,27,93,4,83,83,1,1,4,83,50,85,29,28,27,23,20,42,22,26,65,72,16,38,75,68,29,16,95,54,28,85,120,1,74,64,12,94,26,9,20,9,31,12,83,54,12,6,72,1,13,28,91,15,65,38,17,72,0,78,28,94,64,90,73,11,17,3,28,72,20,113,91,22,26,17,69,59,85,0,83,8,7,85,1,213,115,26,85,54,37,58,12,83,13,29,115,99,8,72,13,7,42,17,9,43,72,85,26,83,65,85,37,83,46,90,58,26,73,8,83,0,27,83,13,89,29,26,82,83,20,72,10,13,72,14,126,85,13,72,27,45,11,95,115,7,72,47},key))if a then a()else print("WRONG PASSWORD!")end
